259
-1.3378921734440182E+16  5.138795832801069E+10  -65644.68523720955  0.028061041627464752
3.272086637346294E+15  -1.3370148796875454E+10  18306.435414916625  -0.008216478782225258
-7.968427424538818E+14  3.451942062636225E+9  -4875.97241046926  0.0024326935287707556
1.9703412927785547E+14  -9.160176267017128E+8  1522.8993177887496  -0.0006919964338103666
-4.610544198313211E+13  2.1990277370263183E+8  -246.06428524638946  0.00022626985425851988
1.304753454186357E+13  -7.38723858951154E+7  240.26708507900915  -0.00004209660904449668
-1.6301567601370723E+12  3.6170381381811593E+6  103.90116045993351  0.000037895663575076224
1.7603072474885305E+12  -1.541082579253228E+7  139.49703612291304  0.000015698981053273935
7.605945630809127E+11  -9.446624169881703E+6  127.63639471049012  0.000023561157396644343
8.551301442263456E+11  -1.0046164810618654E+7  128.90381513759294  0.000022668054449771007
7.01126386366393E+11  -9.007917384917742E+6  126.57063025960899  0.000024415791883738395
6.243146173837566E+11  -8.45743487228127E+6  125.25559307745081  0.000025462947636955663
5.430341011694331E+11  -7.83820994819729E+6  123.68309852621118  0.00002679404129802823
4.754277814265832E+11  -7.290695623938631E+6  122.20507134172757  0.00002812403046377948
4.154800399088894E+11  -6.774603499082869E+6  120.724053182717  0.000029540712151460746
3.632772867433027E+11  -6.296860832100013E+6  119.26667119922942  0.00003102265518103367
3.1758896802068726E+11  -5.852381047515681E+6  117.82529417312657  0.000032580707090578495
2.7765844768972906E+11  -5.439430523466945E+6  116.4017537008366  0.000034216470019576623
2.4274628083124567E+11  -5.055620712491192E+6  114.99527200446613  0.00003593450041349869
2.122250817806469E+11  -4.698933882575556E+6  113.60579519716735  0.000037738740282665196
1.8554171874690967E+11  -4.367442484698011E+6  112.23307284169485  0.00003963357745116985
1.6221376673939413E+11  -4.0593688541564895E+6  110.87691204648999  0.00004162354772680168
1.4181919785715335E+11  -3.773057442635539E+6  109.53710723799065  0.000043713436396556336
1.2398913036886285E+11  -3.506970642338465E+6  108.21345950383146  0.000045908263200176966
1.0840105921964233E+11  -3.2596792847038712E+6  106.90577118722567  0.00004821330228409343
9.477304362196042E+10  -3.0298552753633643E+6  105.61384733397519  0.00005063409264942118
8.285859989743178E+10  -2.816264368119045E+6  104.33749523808679  0.000053176452237189734
7.244224311074556E+10  -2.617759549908804E+6  103.07652451484083  0.00005584649181812597
6.333558801341646E+10  -2.4332748690129733E+6  101.83074703593549  0.000058650629844494854
5.537394072523814E+10  -2.261819705024191E+6  100.59997689526921  0.00006159560800266164
4.8413319113091225E+10  -2.10247344411888E+6  99.38403037596261  0.00006468850755657156
4.23278478810054E+10  -1.954380529506099E+6  98.18272590711142  0.00006793676655364618
3.7007481400775505E+10  -1.816745864300414E+6  96.9958840396906  0.00007134819786265474
3.2356012837451214E+10  -1.688830536635118E+6  95.82332739949796  0.00007493100819913323
2.8289333784384937E+10  -1.569947849886869E+6  94.66488066494645  0.00007869381805676152
2.473391270070069E+10  -1.459459631254243E+6  93.52037052402108  0.00008264568272580927
2.162546477939222E+10  -1.3567728031476317E+6  92.3896256492435  0.00008679611433555892
1.8907789061385593E+10  -1.2613361956714652E+6  91.27247665973333  0.0000911551050756533
1.6531751829560278E+10  -1.1726375853069462E+6  90.16875609295391  0.00009573315158065001
1.445439784478224E+10  -1.0902009425227784E+6  89.07829837232775  0.00010054128058863029
1.2638173359861174E+10  -1.0135838740322904E+6  88.0009397761824  0.00010559107592169285
1.1050246850832912E+10  -942375.2458719648  86.9365184074673  0.00011089470686009875
9.661915183020882E+9  -876192.9748787966  85.88487417015156  0.00011646495795243582
8.448084433910622E+9  -814681.9751160643  84.84584872815466  0.00012231526046353812
7.38681604589414E+9  -757512.2512806258  83.8192854948495  0.0001284597252913863
6.458930016034056E+9  -704377.1249291275  82.80502959073617  0.0001349131777729182
5.64765802097609E+9  -654991.5878289565  81.80292783385315  0.0001416911941053202
4.938340134285064E+9  -609090.7699849601  80.81282869857613  0.0001488101398650528
4.3181597154421015E+9  -566428.5179000932  79.83458231647295  0.0001562872102440733
3.775911605892153E+9  -526776.071248296  78.86804043414843  0.00016414047268788646
3.3017995025078497E+9  -489920.8349023099  77.9130564149522  0.00017238891142043364
2.8872587944275365E+9  -455665.23650286003  76.96948521367534  0.00018105247449215028
2.5248016864947157E+9  -423825.66533650504  76.03718336804985  0.00019015212313184166
2.207881797974672E+9  -394231.4861706449  75.11600899325653  0.00019970988361823306
1.9307757854610038E+9  -366724.1225406965  74.20582177284184  0.00020974890186501827
1.688479852851911E+9  -341156.2049006293  73.30648295548461  0.00022029350076159515
1.4766192755807178E+9  -317390.77900750097  72.41785535715789  0.0002313692403964052
1.2913692994420044E+9  -295300.56993266963  71.53980335567492  0.00024300298146085343
1.1293859876673386E+9  -274767.29818428075  70.67219289203311  0.0002552229518231799
9.877457616238537E+8  -255681.04381829366  69.81489146032614  0.0002680588166767278
8.63892544253806E+8  -237939.65538707888  68.96776809351357  0.0002815417523816041
7.555915492199775E+8  -221448.20039876853  68.13069333550078  0.00029570452437471226
6.608888795579967E+8  -206118.45421707613  67.30353918791498  0.0003105815696468939
5.780762070434371E+8  -191868.42489587324  66.48617903642595  0.00032620908409343284
5.056598914608125E+8  -178621.91104745897  65.6784875296871  0.000342625115700525
4.423339838983855E+8  -166308.0907627532  64.8803404213884  0.0003598696640144432
3.8695662394552547E+8  -154861.1390428719  64.09161434398764  0.00037798478730650985
3.385294059719433E+8  -144219.87205853168  63.31218652240072  0.00039701471829617016
2.961793407609501E+8  -134327.4162763717  62.54193441130076  0.00041700599001940773
2.591430871137566E+8  -125130.90094049658  61.78073526187046  0.0004380075731891069
2.2675316782661536E+8  -116581.17230231025  61.02846561135977  0.00046007102693631716
1.9842592196298018E+8  -108632.52856107618  60.28500073153808  0.0004832506638455643
1.7365097434712806E+8  -101242.47407271402  59.55021404045864  0.0005076037310765604
1.519820322962472E+8  -94371.49194086622  58.82397653202658  0.0005331906078157162
1.3302884258826584E+8  -87982.83399967628  58.10615627910538  0.0005600750187121936
1.1645016170407775E+8  -82042.32697522943  57.396618048369604  0.0005883242629155254
1.0194761245717944E+8  -76518.1942331632  56.695223141114525  0.0006180094544737206
8.926031311227697E+7  -71380.89149600684  56.001829464605564  0.000649205772543202
7.816018216120341E+7  -66602.95591553903  55.316291954230806  0.0006819927136963344
6.844783127605022E+7  -62158.86671792362  54.6384633134996  0.0007164543431975367
5.994897219585334E+7  -58024.91646026677  53.96819512136065  0.0007526795371316864
5.2511271182130344E+7  -54179.091179429466  53.30533921721147  0.0007907622127240788
4.600159457272047E+7  -50600.95831361775  52.64974931243831  0.0008308015422998545
4.0303595551353976E+7  -47271.560924053  52.001282664405316  0.0008729021533522949
3.5315599725766376E+7  -44173.317325429445  51.35980168139066  0.0009171743179374487
3.0948752443813045E+7  -41289.92525999746  50.725175274268295  0.0009637341413997048
2.712539600611602E+7  -38606.2701729908  50.09727979871124  0.0010127037637298133
2.3777649221154902E+7  -36108.3375072379  49.475999476608656  0.0010642115891039564
2.084616509378099E+7  -33783.12908114119  48.86122620934062  0.0011183925628617643
1.8279045590039104E+7  -31618.58396334828  48.25285879466549  0.0011753885121409122
1.6030894682245497E+7  -29603.504245636082  47.65080160258852  0.0012353485655564151
1.4061992934960308E+7  -27727.48611417479  47.05496282522192  0.0012984296631677083
1.2337578689321123E+7  -25980.856560276472  46.4652524726068  0.0013647971611116406
1.08272223237581E+7  -24354.6157776198  45.88158026926122  0.0014346255335132827
9.50428163488893E+6  -22840.38521670313  45.30385364077224  0.0015080991655743413
8.3454275828970615E+6  -21430.3609335211  44.73197590927651  0.0015854132335379328
7.330231016003739E+6  -20117.27180952924  44.16584480922698  0.001666774662498897
6.440802120493909E+6  -18894.342049556384  43.60535136398468  0.0017524031568578085
5.661475484221554E+6  -17755.257360132375  43.05037913142318  0.0018425322993684337
4.978534649211655E+6  -16694.13420630661  42.500803780302704  0.0019374107199269593
4.379970933227063E+6  -15705.491624206988  41.9564929414069  0.002037303338588736
3.8552720457205228E+6  -14784.225114391022  41.417306243208856  0.0021424926956372897
3.395236718357694E+6  -13925.582300889844  40.883095471901555  0.0022532803804555025
2.9918120641669747E+6  -13125.14004637131  40.35370475324383  0.0023699885841262126
2.6379508864739453E+6  -12378.782883713668  39.82897071499556  0.002492961795287796
2.3274864895587666E+6  -11682.682608229876  39.30872255520296  0.002622568672007555
2.0550228876776174E+6  -11033.278980025816  38.79278199236214  0.0027592041186560836
1.8158385496595637E+6  -10427.261472662602  38.28096305768069  0.0029032916071722696
1.605802053249973E+6  -9861.552049336278  37.773071719570716  0.003055285782209087
1.4212982069133166E+6  -9333.288934937353  37.268905323087644  0.003215675398932539
1.2591633701936528E+6  -8839.81136548155  36.76825184132522  0.00338498664650508
1.1166288474034648E+6  -8378.645281674279  36.27088892720235  0.003563786921887106
991271.3666651391  -7947.489946134565  35.77658277100151  0.003752689123265157
880969.7640675012  -7544.205430840234  35.28508673816671  0.0039523565550087444
783867.1072937734  -7166.800949772984  34.796139792524954  0.004163508539723176
698337.5784573692  -6813.423986142714  34.309464683068924  0.004386926859290301
622957.5198528263  -6482.350165047705  33.82476586906966  0.004623463169646779
556480.1224326397  -6171.973834459457  33.341727170565335  0.004874047553031169
497813.2975877945  -5880.7993030490325  32.86000910721181  0.005139698411340583
446000.33160239836  -5607.432691062413  32.379245890722075  0.005421533939400423
400202.9732035695  -5350.574357639267  31.89904204086707  0.00572078545591076
359686.645823126  -5109.01185582359  31.41896856550385  0.006038812936742188
323807.51876330184  -4881.61338983972  30.938558676623348  0.006377123136469671
292001.2008484307  -4667.3217277058775  30.457302965279077  0.006737390785080368
263772.854005573  -4465.148549569729  29.974644000926492  0.007121483403131259
238688.54660848525  -4274.169194342382  29.489970275827126  0.007531490407155422
216367.69125015155  -4093.517783735143  29.00260944025468  0.007969757275653685
196476.43030368726  -3922.382699084823  28.511820758781354  0.0084389256918486
178721.850070321  -3760.002390119671  28.016786718868936  0.008941980736379057
162846.91956454844  -3605.661499255397  27.51660372942499  0.009482306378594603
148626.0627683559  -3458.687284569825  27.010271842112704  0.010063750728448072
135861.2850182427  -3318.4463303184193  26.496683444561256  0.01069070273284516
124378.7838770384  -3184.341533291504  25.974610876210676  0.011368182267922196
114025.98386055071  -3055.8093584473445  25.44269294277369  0.012101945852163343
104668.94181147563  -2932.317357461398  24.899420320666213  0.012898610520252825
96190.07654342329  -2813.3619480202824  24.34311988077044  0.013765798712540467
88486.18210561028  -2698.466453023946  23.77193799880095  0.01471230737040273
81466.68920384155  -2587.179402632656  23.18382298070741  0.015748304740240568
75052.14368441093  -2479.073103711283  22.57650679953364  0.01688555868256561
69172.87499730624  -2373.742485904553  21.947486443544975  0.018137700482949173
63767.83088098034  -2270.8042356932874  21.29400529220393  0.01952052826006019
58783.5575730389  -2169.8962347983265  20.613035100862675  0.02105235394082089
54173.30744516332  -2070.6773233837775  19.901259375812927  0.022754397350177744
49896.25825836424  -1972.8274136481655  19.15505917897171  0.024651230078555117
45916.83021393402  -1876.0479844773506  18.37050272127185  0.026771270258554414
42204.088674999075  -1780.0629926312288  17.54334049599227  0.029147326951619992
38731.221789835865  -1684.6202374518034  16.669008153535152  0.03181718926377913
35475.083318531666  -1589.4932131870223  15.742639816191069  0.034824250271823204
32415.791579225224  -1494.483467561567  14.759094981522896  0.038218149271110904
29536.37564271677  -1399.423452093156  13.71300244746869  0.042055407885793095
26822.459644043567  -1304.17978832447  12.598824571597655  0.046400027044555536
24261.975602625535  -1208.6567823366513  11.410944399287798  0.05132400422043726
21844.895124100396  -1112.799914646468  10.143776678420949  0.05690772528115001
19562.97237142241  -1016.5989832834939  8.791902228940037  0.06324018139242454
17409.497706478356  -920.0907600513327  7.350226394833937  0.0704189451669395
15379.07721369984  -823.3617469701142  5.814173147908925  0.0785497685956446
13467.478066058655  -726.5531753685816  4.179956834463795  0.08774545211467134
11671.594514746736  -629.872122325715  2.4450214019577405  0.09812322128532909
9989.535419784812  -533.6110568795917  0.6087417396127837  0.10979953431564404
8420.648391536273  -438.1673491312634  -1.326707017951767  0.12288215645851575
6965.1083419139795  -344.03779424272165  -3.355821711111929  0.13746243871904393
5622.962571185537  -251.770507886467  -5.470160386094696  0.15361272054001004
4393.3053980654495  -161.90804368919504  -7.659188528281703  0.17138745459273363
3274.4079975295203  -74.98583438770336  -9.910056351739989  0.1908163439387115
2264.525504667749  8.412533226808733  -12.205797942115733  0.2118816221551157
1362.4053573738506  87.60744953518108  -14.523240464564582  0.23448635528361633
567.1834532054884  161.8183107269833  -16.83171641321121  0.25842292880711837
-122.05216904107408  230.19263825674827  -19.092698731521686  0.2833447634020654
-706.7508592129797  291.85266219536453  -21.260173259295364  0.3087418009447074
-1189.2346736583984  345.9406135504971  -23.281316348594547  0.333916966485737
-1572.8398162918304  391.6545288676076  -25.0972131492073  0.35796129498397433
-1861.9442451102864  428.27846000888735  -26.643727370986397  0.3797294500639484
-2061.9399582433166  455.21098776900317  -27.852688370176956  0.39781893539536606
-2179.17533498964  471.99366832247074  -28.653522766689647  0.41055698258623086
-2220.8780731836932  478.3398636018475  -28.97543763581708  0.4160000960530823
-2195.061438000566  474.1635345126687  -28.750237559233398  0.4119522769109316
-2110.4132860689488  459.6069739489882  -27.915828889901086  0.39600900000814276
-1976.1647822100567  435.06570807706737  -26.420408796357357  0.3656345649940006
-1801.9333229199367  401.2077864366354  -24.227236444895887  0.318279768537041
-1597.5387559616472  358.9847672766069  -21.319815154270376  0.2515460394847705
-1372.8097616465727  309.6349827934871  -17.707462364705705  0.16340588640575582
-1137.4008669910452  254.68149827715388  -13.43137717981092  0.05249448154878661
-900.5578011735772  195.90830913773834  -8.569806713737417  -0.08155114788798479
-670.6876453349578  135.2699573286354  -3.237797001979411  -0.23783468087815096
-454.8384211571698  74.74123517036044  2.4200508469368884  -0.41412147024613327
-258.53160731338613  16.222813627316114  8.234767773700472  -0.6067157112096144
-86.16127447288156  -38.39898091909113  14.004400305207728  -0.8098620915453025
58.79903478329902  -87.23033488689848  19.487512987487516  -1.0150890085680409
174.23263346474423  -128.56630266054515  24.42155371537889  -1.2114051888479793
259.565023719682  -161.04929285445036  28.543258063848867  -1.3857369096941288
315.63223736018983  -183.73734852149244  31.603560372022912  -1.5233342774435998
344.5443305508135  -196.1743033189547  33.386872330958745  -1.6085695459015583
349.45628104321713  -198.4204324324704  33.72924114503001  -1.625964866016688
334.2667025504131  -191.0367557079813  32.532835728039885  -1.5613454821508386
303.32245179441577  -175.04658358882565  29.778574994046956  -1.403207676539445
261.15309131405695  -151.88243207493593  25.53712330775006  -1.1443319104459673
212.22588108615588  -123.3120498211095  19.97602728825756  -0.7835178260879904
160.72712404115615  -91.34455819838635  13.361495344273495  -0.32730402244915324
110.42553425729062  -58.15207536262127  6.060593447424965  0.2079895536209475
64.53118802991332  -25.95892847423647  -1.4668312556994856  0.7946788352213522
25.13075406750919  3.4210493798101886  -8.7694843138521  1.3997251466092333
-7.119607691170787  28.985193941499134  -15.52419394120523  1.9946482694979664
-31.619618167486088  49.629921670667784  -21.322895992421717  2.5375624365740497
-47.96603016124152  64.2722973555122  -25.694888365590558  2.9726994143990977
-56.82649320685543  72.70936903530084  -28.372858962365363  3.2560333636400456
-59.34616892942677  75.25987408109172  -29.233429488740658  3.3528222502291336
-56.85858881321136  72.58314247105167  -28.273340864796047  3.238034230096618
-50.81440975381243  65.66943041324518  -25.637228005988042  2.902995158646018
-42.61785067653617  55.702721947336165  -21.597513425438635  2.357201665300199
-33.4817049866837  43.8932789738794  -16.509191789681118  1.6264018263602524
-24.36069644283897  31.360266417607225  -10.768729976326126  0.7499724315218572
-15.94446450427463  19.066738748340125  -4.78304169926659  -0.2214998508590693
-8.680922593489985  7.788183022798596  1.0545978810082852  -1.228662963420204
-2.81066877335987  -1.9014680458977784  6.3859595057888034  -2.206455888148862
1.592430979961267  -9.627491072862915  10.904854160111357  -3.0874787561709667
4.582338867911117  -15.204502031332112  14.372413741265383  -3.8061414674568157
6.329547445711805  -18.668954899766696  16.662244089342238  -4.3106293064791394
7.0974257673908205  -20.28751386839786  17.799461215621726  -4.576969678247635
7.1386897902521955  -20.379973870789165  17.868519372093115  -4.594162802668592
6.643666599079308  -19.20086448663499  16.93233499084132  -4.34639353786638
5.787866664504569  -17.033923847152426  15.103390496793404  -3.8318373780036064
4.742215458830689  -14.219381265907977  12.578122064817244  -3.076595573523517
3.6510859342053568  -11.097305029399255  9.600363755167294  -2.1298917479303094
2.621914975480598  -7.966897104473497  6.426464837349517  -1.057227036481267
1.7238292806934037  -5.063025528641277  3.296670662223716  0.06720418379908866
0.9912923804538172  -2.5451436704068313  0.4118425850976588  1.1689547163426635
0.43132101056067457  -0.4990859526108806  -2.0801611193960428  2.1806698159375313
0.03205304430898674  1.0517388587595917  -4.088050389135402  3.0472235985816836
-0.22929561907163246  2.13084650945344  -5.5732608696778865  3.728604543320271
-0.38009964582976125  2.7927636719589515  -6.541701698564729  4.200908174943373
-0.44785293208846905  3.1088948165565102  -7.033382157196941  4.45581258991176
-0.4573859603779371  3.1561787955933998  -7.111558598291078  4.498896639848822
-0.42944094350737116  3.0088343646608138  -6.8525931516379295  4.347181591111649
-0.3802245114670893  2.7329762960664015  -6.337198388452901  4.0262052242042845
-0.32158754197864486  2.3836001120199963  -5.643303285279793  3.5668241557037623
-0.2615773829974685  2.0035045726197476  -4.840813498412855  3.0020627634830115
-0.205190012934119  1.6238435175126154  -3.988716556591065  2.364591358840113
-0.15516972602249532  1.2658240808983579  -3.1345436805600757  1.6852881073678014
-0.11271876938965929  0.9428303275652852  -2.3153633607500406  0.9927500531595972
-0.07804182258621395  0.6623556165422965  -1.5591831432958598  0.31317776755915117
-0.05072650594277745  0.42749764172111915  -0.8860776587171377  -0.3298647545082505
-0.030001543583185797  0.23807188181494504  -0.30896171686477414  -0.9159568300265828
-0.014914306838473303  0.09148294052340891  0.16579537025842572  -1.4284881978724955
-0.004456205216128283  -0.016533677616070337  0.5376789815045573  -1.855266418654795
0.0023489353668991056  -0.09125095445854675  0.8111326249006945  -2.188865724583601
0.006384355487912376  -0.13835073723175567  0.9943757958518307  -2.4265034780449395
0.008403448747595063  -0.16340218002647394  1.097982498693559  -2.569334225182551
0.00901613629694952  -0.17148311542100586  1.1335098605706977  -2.6213988843804303
0.00869767101437516  -0.1670180185051008  1.1126419757919024  -2.5888898016481012
0.00781311047807728  -0.15383415887856755  1.0471427259687105  -2.4804200047669025
0.0066395900451127815  -0.13524105560592564  0.9489471656710442  -2.3075536123062013
0.005388947891217577  -0.11417707220308217  0.8306902111901372  -2.0862484106634214
0.004191545198614952  -0.09273859731630583  0.7027443362531227  -1.831719314418558
0.003189221887532758  -0.07366170173260854  0.5817162072094904  -1.5757760634925564
0.002260466011030748  -0.0548707982539229  0.4549882325504733  -1.2908868070252242
0.002005694545250325  -0.04939127104062715  0.4157043742512003  -1.1970087853878324
0.00031600151542589364  -0.010759347725079462  0.1212868927489678  -0.44908111335955625
-0.002073120378411662  0.04730680355859635  -0.3491339110333135  0.8212845399453641
0.002694950561256572  -0.07588268627313095  0.7117878325832765  -2.224307925277482

# Order: a x^3 + b x^2 + c x^1 + d
