w:            24.000000	                      1.224731875282e+01	                            0.0006780000
w:            34.000000	                      1.224732542723e+01	                            0.0008370001
w:            54.000000	                      1.224732927399e+01	                            0.0012510000
w:            84.000000	                      1.224733075864e+01	                            0.0018440001
w:           124.000000	                      1.224733136662e+01	                            0.0028070000
w:           174.000000	                      1.224733161356e+01	                            0.0039050002
w:           234.000000	                      1.224733172918e+01	                            0.0049860000
w:           304.000000	                      1.224733178768e+01	                            0.0065319999
w:           384.000000	                      1.224733181908e+01	                            0.0096450001
w:           474.000000	                      1.224733183786e+01	                            0.0103470001
w:           574.000000	                      1.224733184880e+01	                            0.0133000000
w:           684.000000	                      1.224733185585e+01	                            0.0149439999
w:           804.000000	                      1.224733186058e+01	                            0.0176120000
w:           934.000000	                      1.224733186377e+01	                            0.0202280001
w:          1074.000000	                      1.224733186602e+01	                            0.0234770000
w:          1224.000000	                      1.224733186756e+01	                            0.0265980000
w:          1384.000000	                      1.224733186874e+01	                            0.0305989999
w:          1554.000000	                      1.224733186960e+01	                            0.0335760000
w:          1734.000000	                      1.224733187025e+01	                            0.0382149999
w:          1924.000000	                      1.224733187074e+01	                            0.0415109999
w:          2124.000000	                      1.224733187112e+01	                            0.0473910000
w:          2334.000000	                      1.224733187143e+01	                            0.0524179998
w:          2554.000000	                      1.224733187166e+01	                            0.0557130000
w:          2784.000000	                      1.224733187185e+01	                            0.0607610000
w:          3024.000000	                      1.224733187201e+01	                            0.0665610000
w:          3274.000000	                      1.224733187214e+01	                            0.0715680001
w:          3534.000000	                      1.224733187225e+01	                            0.0831770001
w:          3804.000000	                      1.224733187233e+01	                            0.0876700000
w:          4084.000000	                      1.224733187241e+01	                            0.0925880000
w:          4374.000000	                      1.224733187247e+01	                            0.1009910000
w:          4674.000000	                      1.224733187252e+01	                            0.1055490000
w:          4984.000000	                      1.224733187256e+01	                            0.1099850000
w:          5304.000000	                      1.224733187260e+01	                            0.1186909999
w:          5634.000000	                      1.224733187263e+01	                            0.1226710000
w:          5974.000000	                      1.224733187266e+01	                            0.1311410000
w:          6324.000000	                      1.224733187268e+01	                            0.1419030002
w:          6684.000000	                      1.224733187270e+01	                            0.1532190000
w:          7054.000000	                      1.224733187272e+01	                            0.1611440000
w:          7434.000000	                      1.224733187274e+01	                            0.1860260002
w:          7824.000000	                      1.224733187275e+01	                            0.1716110001
w:          8224.000000	                      1.224733187277e+01	                            0.1860370000
w:          8634.000000	                      1.224733187278e+01	                            0.2035280000
w:          9054.000000	                      1.224733187279e+01	                            0.2062810000
w:          9484.000000	                      1.224733187279e+01	                            0.2165870001
w:          9924.000000	                      1.224733187280e+01	                            0.2245860000
w:         10374.000000	                      1.224733187281e+01	                            0.2270350000
w:         10834.000000	                      1.224733187282e+01	                            0.2361670001
w:         11304.000000	                      1.224733187282e+01	                            0.2493230000
w:         11784.000000	                      1.224733187283e+01	                            0.2543800001
w:         12274.000000	                      1.224733187283e+01	                            0.2664900001
w:         12774.000000	                      1.224733187283e+01	                            0.2765680002
w:         13284.000000	                      1.224733187284e+01	                            0.2939289999
w:         13804.000000	                      1.224733187284e+01	                            0.3014140001
w:         14334.000000	                      1.224733187284e+01	                            0.3114310000
w:         14874.000000	                      1.224733187285e+01	                            0.3230770000
w:         15424.000000	                      1.224733187285e+01	                            0.3335879999
w:         15984.000000	                      1.224733187285e+01	                            0.3474880001
w:         16554.000000	                      1.224733187285e+01	                            0.3625880000
w:         17134.000000	                      1.224733187286e+01	                            0.3712830001
w:         17724.000000	                      1.224733187286e+01	                            0.3849220001
w:         18324.000000	                      1.224733187286e+01	                            0.4020509999
w:         18934.000000	                      1.224733187286e+01	                            0.4090739999
w:         19554.000000	                      1.224733187286e+01	                            0.4261810000
w:         20184.000000	                      1.224733187286e+01	                            0.4373740000
w:         20824.000000	                      1.224733187286e+01	                            0.4556460001
w:         21474.000000	                      1.224733187287e+01	                            0.4651950002
w:         22134.000000	                      1.224733187287e+01	                            0.4917460000
w:         22804.000000	                      1.224733187287e+01	                            0.5054520001
w:         23484.000000	                      1.224733187287e+01	                            0.5073390000
w:         24174.000000	                      1.224733187287e+01	                            0.5241439999
w:         24874.000000	                      1.224733187287e+01	                            0.5452580000
w:         25584.000000	                      1.224733187287e+01	                            0.5586550001
w:         26304.000000	                      1.224733187287e+01	                            0.5687219999
w:         27034.000000	                      1.224733187287e+01	                            0.5863750000
w:         27774.000000	                      1.224733187287e+01	                            0.6019450000
w:         28524.000000	                      1.224733187287e+01	                            0.6210930001
w:         29284.000000	                      1.224733187287e+01	                            0.6585870001
w:         30054.000000	                      1.224733187287e+01	                            0.6514570001
w:         30834.000000	                      1.224733187287e+01	                            0.6666610001
w:         31624.000000	                      1.224733187287e+01	                            0.7051520001
w:         32424.000000	                      1.224733187288e+01	                            0.7105940001
w:         33234.000000	                      1.224733187288e+01	                            0.7257050001
w:         34054.000000	                      1.224733187288e+01	                            0.7380939999
w:         34884.000000	                      1.224733187288e+01	                            0.7860059999
w:         35724.000000	                      1.224733187288e+01	                            0.7979379999
w:         36574.000000	                      1.224733187288e+01	                            0.8035610002
w:         37434.000000	                      1.224733187288e+01	                            0.8144489999
w:         38304.000000	                      1.224733187288e+01	                            0.8293990002
w:         39184.000000	                      1.224733187288e+01	                            0.8456629999
w:         40074.000000	                      1.224733187288e+01	                            0.8725510000
w:         40974.000000	                      1.224733187288e+01	                            0.8988260000
w:         41884.000000	                      1.224733187288e+01	                            0.9154830000
w:         42804.000000	                      1.224733187288e+01	                            0.9674700000
w:         43734.000000	                      1.224733187288e+01	                            0.9706460000
w:         44674.000000	                      1.224733187288e+01	                            1.0661909999
w:         45624.000000	                      1.224733187288e+01	                            1.0919900001
w:         46584.000000	                      1.224733187288e+01	                            1.1576159999
w:         47554.000000	                      1.224733187288e+01	                            1.2442220000
w:         48534.000000	                      1.224733187288e+01	                            1.1184940001
w:         49524.000000	                      1.224733187288e+01	                            1.2607060000
