7.686792e-08        1.638118e+01
8.171304e-08        1.632005e+01
8.686355e-08        1.625893e+01
9.233871e-08        1.619780e+01
9.815898e-08        1.613668e+01
1.043461e-07        1.607555e+01
1.109232e-07        1.601443e+01
1.179149e-07        1.595330e+01
1.253473e-07        1.589218e+01
1.332481e-07        1.583105e+01
1.416470e-07        1.576993e+01
1.505752e-07        1.570880e+01
1.600662e-07        1.564768e+01
1.701555e-07        1.558655e+01
1.808807e-07        1.552543e+01
1.922819e-07        1.546430e+01
2.044017e-07        1.540318e+01
2.172855e-07        1.534205e+01
2.309814e-07        1.528093e+01
2.455406e-07        1.521980e+01
2.610174e-07        1.515868e+01
2.774698e-07        1.509755e+01
2.949592e-07        1.503643e+01
3.135509e-07        1.497530e+01
3.333146e-07        1.491418e+01
3.543240e-07        1.485305e+01
3.766576e-07        1.479193e+01
4.003990e-07        1.473080e+01
4.256368e-07        1.466968e+01
4.524654e-07        1.460855e+01
4.809851e-07        1.454743e+01
5.113024e-07        1.448630e+01
5.435307e-07        1.442518e+01
5.777903e-07        1.436405e+01
6.142094e-07        1.430293e+01
6.529241e-07        1.424180e+01
6.940790e-07        1.418068e+01
7.378280e-07        1.411956e+01
7.843345e-07        1.405843e+01
8.337725e-07        1.399731e+01
8.863266e-07        1.393618e+01
9.421932e-07        1.387506e+01
1.001581e-06        1.381393e+01
1.064713e-06        1.375281e+01
1.131823e-06        1.369168e+01
1.203164e-06        1.363056e+01
1.279002e-06        1.356943e+01
1.359619e-06        1.350831e+01
1.445318e-06        1.344718e+01
1.536419e-06        1.338606e+01
1.633262e-06        1.332493e+01
1.736210e-06        1.326381e+01
1.845646e-06        1.320268e+01
1.961980e-06        1.314156e+01
2.085647e-06        1.308043e+01
2.217109e-06        1.301931e+01
2.356857e-06        1.295818e+01
2.505414e-06        1.289706e+01
2.663334e-06        1.283593e+01
2.831209e-06        1.277481e+01
3.009664e-06        1.271368e+01
3.199369e-06        1.265256e+01
3.401030e-06        1.259143e+01
3.615403e-06        1.253031e+01
3.843288e-06        1.246918e+01
4.085537e-06        1.240806e+01
4.343055e-06        1.234693e+01
4.616806e-06        1.228581e+01
4.907811e-06        1.222468e+01
5.217158e-06        1.216356e+01
5.546005e-06        1.210243e+01
5.895579e-06        1.204131e+01
6.267187e-06        1.198018e+01
6.662219e-06        1.191906e+01
7.082149e-06        1.185793e+01
7.528549e-06        1.179681e+01
8.003087e-06        1.173568e+01
8.507535e-06        1.167456e+01
9.043779e-06        1.161343e+01
9.613824e-06        1.155231e+01
1.021980e-05        1.149118e+01
1.086397e-05        1.143006e+01
1.154875e-05        1.136893e+01
1.227668e-05        1.130781e+01
1.305050e-05        1.124668e+01
1.387310e-05        1.118556e+01
1.474754e-05        1.112443e+01
1.567711e-05        1.106331e+01
1.666526e-05        1.100218e+01
1.771570e-05        1.094106e+01
1.883235e-05        1.087993e+01
2.001939e-05        1.081881e+01
2.128124e-05        1.075768e+01
2.262263e-05        1.069656e+01
2.404858e-05        1.063543e+01
2.556440e-05        1.057431e+01
2.717577e-05        1.051318e+01
2.888870e-05        1.045206e+01
3.070961e-05        1.039094e+01
3.264529e-05        1.032981e+01
3.470297e-05        1.026869e+01
3.689036e-05        1.020756e+01
3.921562e-05        1.014644e+01
4.168745e-05        1.008531e+01
4.431508e-05        1.002419e+01
4.710834e-05        9.963061e+00
5.007765e-05        9.901936e+00
5.323413e-05        9.840811e+00
5.658957e-05        9.779686e+00
6.015651e-05        9.718561e+00
6.394828e-05        9.657436e+00
6.797904e-05        9.596311e+00
7.226388e-05        9.535186e+00
7.681879e-05        9.474061e+00
8.166081e-05        9.412936e+00
8.680803e-05        9.351811e+00
9.227969e-05        9.290686e+00
9.809624e-05        9.229562e+00
1.042794e-04        9.168437e+00
1.108523e-04        9.107312e+00
1.178395e-04        9.046187e+00
1.252672e-04        8.985062e+00
1.331630e-04        8.923937e+00
1.415564e-04        8.862812e+00
1.504790e-04        8.801687e+00
1.599639e-04        8.740562e+00
1.700467e-04        8.679437e+00
1.807651e-04        8.618312e+00
1.921590e-04        8.557187e+00
2.042711e-04        8.496063e+00
2.171467e-04        8.434938e+00
2.308338e-04        8.373813e+00
2.453836e-04        8.312688e+00
2.608506e-04        8.251563e+00
2.772924e-04        8.190438e+00
2.947706e-04        8.129313e+00
3.133505e-04        8.068188e+00
3.331016e-04        8.007063e+00
3.540975e-04        7.945938e+00
3.764169e-04        7.884813e+00
4.001431e-04        7.823688e+00
4.253648e-04        7.762563e+00
4.521762e-04        7.701439e+00
4.806777e-04        7.640314e+00
5.109756e-04        7.579189e+00
5.431833e-04        7.518064e+00
5.774210e-04        7.456939e+00
6.138169e-04        7.395814e+00
6.525068e-04        7.334689e+00
6.936354e-04        7.273564e+00
7.373564e-04        7.212439e+00
7.838332e-04        7.151314e+00
8.332396e-04        7.090189e+00
8.857601e-04        7.029064e+00
9.415910e-04        6.967940e+00
1.000941e-03        6.906815e+00
1.064032e-03        6.845690e+00
1.131100e-03        6.784565e+00
1.202395e-03        6.723440e+00
1.278184e-03        6.662315e+00
1.358750e-03        6.601190e+00
1.444394e-03        6.540065e+00
1.535437e-03        6.478940e+00
1.632218e-03        6.417815e+00
1.735100e-03        6.356690e+00
1.844466e-03        6.295565e+00
1.960726e-03        6.234440e+00
2.084314e-03        6.173316e+00
2.215692e-03        6.112191e+00
2.355351e-03        6.051066e+00
2.503812e-03        5.989941e+00
2.661632e-03        5.928816e+00
2.829399e-03        5.867691e+00
3.007741e-03        5.806566e+00
3.197324e-03        5.745441e+00
3.398857e-03        5.684316e+00
3.613092e-03        5.623191e+00
3.840832e-03        5.562066e+00
4.082926e-03        5.500941e+00
4.340280e-03        5.439817e+00
4.613855e-03        5.378692e+00
4.904674e-03        5.317567e+00
5.213824e-03        5.256442e+00
5.542460e-03        5.195317e+00
5.891811e-03        5.134192e+00
6.263181e-03        5.073067e+00
6.657960e-03        5.011942e+00
7.077623e-03        4.950817e+00
7.523738e-03        4.889692e+00
7.997972e-03        4.828567e+00
8.502097e-03        4.767442e+00
9.037999e-03        4.706317e+00
9.607679e-03        4.645193e+00
1.021327e-02        4.584068e+00
1.085703e-02        4.522943e+00
1.154136e-02        4.461818e+00
1.226884e-02        4.400693e+00
1.304216e-02        4.339568e+00
1.386423e-02        4.278443e+00
1.473812e-02        4.217318e+00
1.566709e-02        4.156193e+00
1.665461e-02        4.095068e+00
1.770438e-02        4.033943e+00
1.882031e-02        3.972818e+00
2.000659e-02        3.911694e+00
2.126764e-02        3.850569e+00
2.260818e-02        3.789444e+00
2.403321e-02        3.728319e+00
2.554806e-02        3.667194e+00
2.715840e-02        3.606069e+00
2.887024e-02        3.544944e+00
3.068998e-02        3.483819e+00
3.262442e-02        3.422694e+00
3.468079e-02        3.361569e+00
3.686678e-02        3.300444e+00
3.919056e-02        3.239319e+00
4.166081e-02        3.178194e+00
4.428676e-02        3.117070e+00
4.707823e-02        3.055945e+00
5.004565e-02        2.994820e+00
5.320011e-02        2.933695e+00
5.655340e-02        2.872570e+00
6.011806e-02        2.811445e+00
6.390740e-02        2.750320e+00
6.793560e-02        2.689195e+00
7.221769e-02        2.628070e+00
7.676970e-02        2.566945e+00
8.160862e-02        2.505820e+00
8.675255e-02        2.444695e+00
9.222071e-02        2.383571e+00
9.803354e-02        2.322446e+00
1.042128e-01        2.261321e+00
1.107815e-01        2.200196e+00
1.177642e-01        2.139071e+00
1.251871e-01        2.077946e+00
1.330778e-01        2.016821e+00
1.414660e-01        1.955696e+00
1.503828e-01        1.894571e+00
1.598617e-01        1.833446e+00
1.699380e-01        1.772321e+00
1.806495e-01        1.711196e+00
1.920362e-01        1.650072e+00
2.041405e-01        1.588947e+00
2.170079e-01        1.527822e+00
2.306862e-01        1.466697e+00
2.452268e-01        1.405572e+00
2.606839e-01        1.344447e+00
2.771152e-01        1.283322e+00
2.945822e-01        1.222197e+00
3.131503e-01        1.161072e+00
3.328887e-01        1.099947e+00
3.538712e-01        1.038822e+00
3.761763e-01        9.776974e-01
3.998873e-01        9.165725e-01
4.250929e-01        8.554476e-01
4.518872e-01        7.943226e-01
4.803704e-01        7.331977e-01
5.106490e-01        6.720728e-01
5.428361e-01        6.109479e-01
